     0.0
     0.0
     0.0
     0.0
     0.0
     0.0
     0.0
     0.0
     0.0
     0.0
     0.0
     0.0
     0.0
     0.0
     0.0
     0.0
     0.0
     0.0
     0.0
     0.0
     0.0
     0.4
     0.9
     1.4
     1.9
     2.4
     3.0
     3.5
     3.9
     4.1
     4.2
     4.1
     3.8
     3.4
     2.9
     2.4
     1.8
     1.2
     0.6
     0.0
     0.0
     0.9
     1.8
     2.8
     3.8
     4.9
     6.0
     7.0
     7.8
     8.3
     8.4
     8.2
     7.7
     6.9
     5.9
     4.7
     3.6
     2.3
     1.2
     0.0
     0.0
     1.3
     2.7
     4.2
     5.8
     7.4
     9.0
    10.5
    11.7
    12.5
    12.7
    12.5
    11.7
    10.4
     8.9
     7.2
     5.4
     3.6
     1.8
     0.0
     0.0
     1.8
     3.6
     5.6
     7.7
     9.9
    12.1
    14.1
    15.6
    16.7
    17.0
    16.6
    15.6
    14.0
    11.9
     9.6
     7.2
     4.7
     2.4
     0.0
     0.0
     2.2
     4.5
     6.9
     9.6
    12.3
    15.0
    17.4
    19.4
    20.7
    21.1
    20.6
    19.3
    17.3
    14.8
    11.9
     8.9
     5.9
     2.9
     0.0
     0.0
     2.6
     5.3
     8.1
    11.2
    14.4
    17.6
    20.4
    22.7
    24.2
    24.7
    24.2
    22.7
    20.3
    17.3
    14.0
    10.4
     6.9
     3.4
     0.0
     0.0
     2.9
     5.9
     9.1
    12.5
    16.1
    19.6
    22.8
    25.4
    27.0
    27.6
    27.0
    25.3
    22.7
    19.3
    15.6
    11.7
     7.7
     3.8
     0.0
     0.0
     3.1
     6.3
     9.7
    13.4
    17.2
    21.0
    24.4
    27.1
    28.9
    29.5
    28.8
    27.0
    24.2
    20.6
    16.6
    12.5
     8.2
     4.1
     0.0
     0.0
     3.1
     6.4
     9.9
    13.7
    17.6
    21.4
    24.9
    27.7
    29.5
    30.1
    29.5
    27.6
    24.7
    21.1
    17.0
    12.7
     8.4
     4.2
     0.0
     0.0
     3.1
     6.3
     9.7
    13.4
    17.2
    21.0
    24.4
    27.1
    28.9
    29.5
    28.9
    27.0
    24.2
    20.7
    16.7
    12.5
     8.3
     4.1
     0.0
     0.0
     2.9
     5.9
     9.1
    12.6
    16.2
    19.7
    22.9
    25.5
    27.1
    27.7
    27.1
    25.4
    22.7
    19.4
    15.6
    11.7
     7.8
     3.9
     0.0
     0.0
     2.6
     5.3
     8.2
    11.3
    14.5
    17.7
    20.6
    22.9
    24.4
    24.9
    24.4
    22.8
    20.4
    17.4
    14.1
    10.5
     7.0
     3.5
     0.0
     0.0
     2.2
     4.6
     7.1
     9.7
    12.5
    15.2
    17.7
    19.7
    21.0
    21.4
    21.0
    19.6
    17.6
    15.0
    12.1
     9.0
     6.0
     3.0
     0.0
     0.0
     1.8
     3.7
     5.8
     8.0
    10.3
    12.5
    14.5
    16.2
    17.2
    17.6
    17.2
    16.1
    14.4
    12.3
     9.9
     7.4
     4.9
     2.4
     0.0
     0.0
     1.4
     2.9
     4.5
     6.2
     8.0
     9.7
    11.3
    12.6
    13.4
    13.7
    13.4
    12.5
    11.2
     9.6
     7.7
     5.8
     3.8
     1.9
     0.0
     0.0
     1.0
     2.1
     3.2
     4.5
     5.8
     7.1
     8.2
     9.1
     9.7
     9.9
     9.7
     9.1
     8.1
     6.9
     5.6
     4.2
     2.8
     1.4
     0.0
     0.0
     0.7
     1.4
     2.1
     2.9
     3.7
     4.6
     5.3
     5.9
     6.3
     6.4
     6.3
     5.9
     5.3
     4.5
     3.6
     2.7
     1.8
     0.9
     0.0
     0.0
     0.3
     0.7
     1.0
     1.4
     1.8
     2.2
     2.6
     2.9
     3.1
     3.1
     3.1
     2.9
     2.6
     2.2
     1.8
     1.3
     0.9
     0.4
     0.0
     0.0
     0.0
     0.0
     0.0
     0.0
     0.0
     0.0
     0.0
     0.0
     0.0
     0.0
     0.0
     0.0
     0.0
     0.0
     0.0
     0.0
     0.0
     0.0
     0.0
