0.0
0.006814427333985059
0.013623913757400727
0.020424508748096842
0.02721226532251599
0.03398324146806425
0.040733501591571485
0.04745911798791041
0.05415617233269424
0.06082075720279483
0.06744897762821873
0.07403695267864811
0.0805808170876988
0.08707672291766967
0.09352084126725828
0.0999093640243992
0.10623850566604365
0.11250450510634682
0.11870362759436205
0.12483216666196213
0.130886446122319
0.13686282211887726
0.1427576852243543
0.14856746258889572
0.15428862013610847
0.1599176648052894
0.16545114683776724
0.17088566210487943
0.17621785447472124
0.18144441821442497
0.18656210042436655
0.19156770350034488
0.1964580876194482
0.2012301732450061
0.2058809436457324
0.21040744742389067
0.21480680104706648
0.21907619137790466
0.2232128781959726
0.22721419670573992
0.23107756002452148
0.23480046164411822
0.23838047785980562
0.2418152701602675
0.24510258757204934
0.24824026895211493
0.2512262452221279
0.25405854153815216
0.25673527938956464
0.2592546786211049
0.2616150593721476
0.2638148439274717
0.26585255847401956
0.2677268347583802
0.2694364116400018
0.27098013653543235
0.27235696674920284
0.27356597068730437
0.2746063289495676
0.2754773352976278
0.27617839749554646
0.2767090380205666
0.277068894641892
0.2772577208658054
0.2772753862458744
0.2770790963112644
0.27671176962770583
0.2761736533674209
0.27546511054732586
0.2745866196278328
0.2735387739788327
0.2723222812147544
0.27093796240100365
0.2693867511344805
0.26766969250125644
0.26578794191485483
0.2637427638389265
0.26153553039843574
0.25916771988377985
0.2566409151525422
0.2539568019338412
0.25111716704046305
0.24812389649417774
0.24497897356980822
0.24168447676377774
0.23824257769297771
0.23465553892989016
0.23092571177996155
0.22705553400725595
0.22304752751441886
0.21890429598295608
0.21462852247977635
0.21022296703586324
0.20569046420282902
0.20103392059296557
0.19625631240824248
0.19136068296351347
0.1863501402089792
0.18122785425671978
0.17599705491585446
0.17066102924061133
0.1652231190952978
0.1596867187398544
0.1540552724393536
0.14833227210047162
0.14252125493761758
0.13662580117105488
0.13064953175899108
0.12459610616525393
0.11846922016380876
0.11227260368101077
0.10601001867612864
0.09968525706032062
0.0933021386538989
0.0868645091813786
0.08037623830348183
0.07384121768495147
0.06726335909672974
0.0606465925507726
0.05399486446550391
0.04731213585966744
0.0406023805721071
0.03386958350480205
0.02711773888630154
0.020350848552546937
0.013572920241935838
0.006787965901376516
0.0
