0.0
0.00678062623778075
0.013556312118154851
0.020323107602173818
0.02707706625438085
0.03381424670079114
0.04053071410262732
0.04722254164979263
0.05388581207791621
0.06051661921262909
0.06711106954452697
0.0736652838380483
0.08017539877724343
0.08663756865113642
0.09304796708108475
0.09940278879222651
0.10569825143077227
0.11193059742854862
0.11809609591583896
0.1241910446831915
0.1302117721924809
0.13615463963711794
0.14201604305090498
0.14779241546463498
0.1534802291091309
0.15907599766302352
0.16457627854317014
0.1699776752352271
0.17527683966150798
0.1804704745828883
0.18555533603115995
0.19052823576789268
0.19538604376553542
0.20012569070617836
0.204744170493109
0.20923854277002812
0.21360593544254694
0.21784354719636764
0.22194865000635586
0.22591859163054784
0.2297507980829959
0.2334427760792471
0.23699211544817048
0.24039649150379713
0.2436536673708207
0.2467614962574146
0.24971792366906675
0.2525209895572041
0.25516883039648236
0.2576596811847496
0.25999187735985374
0.2621638566276551
0.2641741606958217
0.26602143690822994
0.26770443977506314
0.2692220323939919
0.27057318775813644
0.2717569899468478
0.2727726351956983
0.2736194328424445
0.27429680614611524
0.2748042929767739
0.27514154637392085
0.27530833497191987
0.275304543291262
0.27513017189491396
0.2747853374094315
0.27427027241095764
0.2735853251766571
0.2727309593025701
0.27170775318929236
0.2705163993973049
0.2691577038741799
0.26763258505628756
0.26594207284799987
0.26408730748175846
0.2620695382627099
0.25989012220194385
0.2575505225426675
0.2550523071839351
0.2523971470068055
0.24958681410803363
0.24662317994660804
0.24350821340862397
0.24024397879613313
0.23683263374573338
0.23327642708275478
0.22957769661696295
0.22573886688573555
0.22176244685067356
0.21765102755358573
0.2134072797377328
0.20903395144013742
0.20453386556065917
0.19990991741339884
0.1951650722658366
0.19030236287092422
0.1853248869971432
0.18023580496131067
0.175038337168665
0.16973576166449228
0.16433141170126872
0.15882867332499145
0.15323098298405383
0.14754182516369324
0.14176473004870177
0.13590327121674434
0.12996106336427765
0.12394176006670728
0.11784905157406524
0.11168666264313235
0.10545835040657718
0.0991679022793339
0.09281913390209909
0.08641588712149416
0.07996202800611615
0.0734614448973899
0.0669180464938372
0.06033575996709861
0.05371852910777996
0.047070312498951834
0.04039508171490633
0.03369681954257338
0.02697951822281954
0.020247177708696454
0.013503803937575465
0.0067534071139990345
0.0
